RU: 1.05
RUT: 1
BC: 2
I k a^ik
1;17;1
2;17;1
3;17;1
4;17;1
5;17;1
6;17;1
7;10;36
8;10;30
9;10;36
10;10;30
11;10;36
12;10;30
13;9;18
14;9;15
15;9;36
16;9;30
17;9;36
18;9;30
19;8;5
20;8;4
21;8;10
22;8;8
23;8;7.5
24;8;6
25;8;9
26;8;7.5
27;8;18
28;8;15
29;8;9
30;8;7.5
31;2;1
32;2;1
33;2;5
34;2;9
35;2;1
36;2;1
37;2;4
38;2;7.5
39;2;1
40;2;1
41;2;5
42;2;18
43;2;1
44;2;1
45;2;4
46;2;15
47;2;1
48;2;1
49;2;5
50;2;9
51;2;1
52;2;1
53;2;4
54;2;7.5
55;1;16
56;1;2
57;1;5
58;1;18
59;1;12
60;1;2
61;1;4
62;1;15
63;1;16
64;1;4
65;1;10
66;1;36
67;1;12
68;1;4
69;1;8
70;1;30
71;1;16
72;1;3
73;1;7.5
74;1;27
75;1;12
76;1;3
77;1;6
78;1;22.5
I f c^if
1;14;1
2;14;1
3;15;1
4;15;1
5;16;1
6;16;1
7;11;1
8;11;1
9;12;1
10;12;1
11;13;1
12;13;1
31;3;1
32;5;1
33;5;1
34;6;1
35;4;1
36;5;1
37;5;1
38;6;1
39;3;1
40;6;1
41;6;1
42;6;1
43;4;1
44;6;1
45;6;1
46;6;1
47;3;1
48;7;1
49;7;1
50;7;1
51;4;1
52;7;1
53;7;1
54;7;1
f k v^fk
3;2;2000
4;2;2000
5;2;2000
6;2;2000
7;2;2000
11;10;5000
12;10;5000
13;10;5000
14;17;200
15;17;200
16;17;200
I succ_I
7;1
8;2
9;3
10;4
11;5
12;6
13;7
14;8
15;9
16;10
17;11
18;12
19;1
20;13
21;2
22;14
23;3
24;15
25;4
26;16
27;5
28;17
29;6
30;18
31;1
32;1
33;19
34;20
35;2
36;2
37;21
38;22
39;3
40;3
41;23
42;24
43;4
44;4
45;25
46;26
47;5
48;5
49;27
50;28
51;6
52;6
53;29
54;30
55;31
56;32
57;33
58;34
59;35
60;36
61;37
62;38
63;39
64;40
65;41
66;42
67;43
68;44
69;45
70;46
71;47
72;48
73;49
74;50
75;51
76;52
77;53
78;54
I h^I
1;0.48
2;0.4
3;0.48
4;0.4
5;0.48
6;0.48
7;0.18
8;0.15
9;0.18
10;0.15
11;0.18
12;0.15
13;0.9
14;0.75
15;0.9
16;0.75
17;0.9
18;0.75
19;0.25
20;0.9
21;0.2
22;0.75
23;0.25
24;0.18
25;0.2
26;0.15
27;0.25
28;0.135
29;0.25
30;0.1125
31;0.5
32;0.5
33;0.25
34;0.54
35;0.5
36;0.5
37;0.2
38;0.45
39;0.5
40;0.5
41;0.25
42;0.108
43;0.5
44;0.5
45;0.2
46;0.9
47;0.5
48;0.5
49;0.25
50;0.81
51;0.25
52;0.25
53;0.25
54;0.0675
55;0.48
56;0.6
57;0.15
58;0.0675
59;0.36
60;0.6
61;0.12
62;0.0675
63;0.48
64;0.12
65;0.3
66;0.0675
67;0.36
68;0.12
69;0.24
70;0.0675
71;0.48
72;0.9
73;0.0225
74;0.0675
75;0.15
76;0.15
77;0.15
78;0.0675
